ic =         0.89078         0.89078
icsun+icsha =         0.89078         0.89078
icsun =         0.72902         0.72902
icsha =         0.16176         0.16176
diupwb =        -0.00865        -0.00865
didwnb =         0.01795         0.01795
diupwd =        -0.00331        -0.00331
didwnd =        -0.07634        -0.07634
